0.685714
0.501526
0.564877
0.0801042
1.19798
2.25328
0.252658
12.0079
2.57906
1.54608
3.22798
0.372036
2.72295
0.754516
0.445234
0.631325
0.706114
2.55296
1.01515
1.83807
2.23543
0.402363
0.888835
3.16804
2.30368
0.901702
0.390034
2.42957
0.883511
0.461101
0.32658
0.252338
0.474597
0.292379
0.288503
2.37599
0.878316
0.345408
2.50116
4.17443
1.04948
1.3422
3.97732
4.15635
2.97303
0.753341
0.850004
2.03203
0.0104022
5.21146
1.02691
2.08314
1.00214
1.37851
0.344435
1.06824
2.28537
3.87032
0.023299
0.691159
0.138195
1.86138
3.80334
0.881829
1.10464
0.486341
0.324413
2.78961
0.861562
0.770206
1.31337
1.76727
0.590763
0.746775
1.73518
0.140845
1.94085
0.180674
1.77329
0.681184
0.50927
3.45486
1.69183
1.10013
2.08502
2.77495
0.110913
3.30048
0.578148
0.241481
0.647938
1.45759
1.92396
0.760843
1.12177
1.99487
2.83036
1.16214
6.14552
0.103336
0.51792
2.27606
1.53159
0.772662
2.20019
0.700267
0.747986
3.67166
1.55672
3.24662
0.394656
0.535125
3.65339
1.53428
0.722816
1.92851
0.871537
4.10957
0.107365
0.928632
0.605136
0.279204
2.66117
0.444672
1.70265
0.561375
2.07545
2.40035
0.733231
0.0169224
1.37254
0.637416
1.57121
5.07739
4.0515
1.59188
1.6537
2.53178
1.65589
0.960786
0.669294
0.309125
2.96421
1.33422
4.49389
0.586065
1.2949
0.283703
1.77615
0.143376
4.78562
0.531461
0.602808
3.5831
3.44064
3.31499
2.96285
0.484794
1.63778
3.89548
1.58539
1.37784
0.907453
1.69889
5.49733
2.17262
0.448111
1.37572
0.513292
0.156614
2.43807
0.263531
2.9983
1.12066
15.1476
0.735977
1.30079
1.73783
0.235029
1.24689
5.72819
2.21859
0.660678
2.19877
3.06426
5.30775
2.76118
0.396146
0.597339
0.579383
0.548202
1.99668
4.26418
1.32628
5.9584
1.26134
1.10276
0.0394453
0.554078
2.60249
1.71491
2.98914
0.0927147
0.398469
0.850304
0.0918508
1.48227
0.254866
3.7797
2.0311
0.428125
0.924765
1.20137
0.0348841
0.095509
4.22544
1.01665
0.284266
2.10978
0.0561865
4.67214
2.89473
1.30126
0.598121
0.834358
6.09726
0.710205
3.29128
1.08367
1.27129
1.17392
0.77964
1.86378
0.272688
2.14032
7.77192
0.70294
3.71375
2.24338
1.85797
0.889939
2.71488
1.02197
1.94238
0.616676
0.906962
5.5217
5.01002
0.58737
