74.7877
2.09713
6.72142
6.2919
0.31405
1.37864
3.61597
1.84701
2.13138
1.5988
4.29633
0.553568
3.27565
4.33782
2.39416
6.55203
6.70373
4.28964
4.33713
3.65996
2.17531
0.929953
1.33033
0.9838
3.41335
10.4013
0.150867
1.69599
3.69594
2.37432
1.08323
1.71031
0.709325
4.14589
1.77892
3.25696
0.863989
0.655074
0.171548
0.728814
4.09824
0.33428
2.30365
0.579729
1.0558
2.58742
7.19591
2.59739
4.92512
9.5624
4.22712
2.71715
2.12239
1.3529
0.772405
1.35482
3.42177
7.44558
1.46026
1.97028
0.276375
6.18622
6.25843
1.88196
2.41225
6.48366
1.91573
2.9352
3.2477
10.0966
3.18241
5.56939
2.28447
1.31553
0.290795
1.92573
1.91689
2.58003
0.897127
1.04929
4.07091
5.76742
0.993915
1.79298
1.55059
4.63924
0.185205
3.55863
0.213958
0.447239
2.83491
1.99013
1.74886
4.72147
1.4444
1.38361
6.97979
3.45232
2.38286
2.97293
2.249
4.92278
0.896076
2.34608
0.895074
2.22051
1.98929
3.06643
0.834651
1.2487
3.70388
3.71928
2.62145
2.32434
2.016
1.69839
0.493985
2.48127
1.83147
2.65873
5.52947
5.06349
1.93936
3.91511
3.31842
1.93507
0.422367
1.92801
1.3978
3.98827
0.579777
0.290479
3.72126
0.308919
1.2086
5.334
5.89462
3.76516
5.18075
2.95913
3.60059
2.92138
0.912246
0.33979
4.52014
0.438704
0.426181
2.43803
3.79728
0.299233
6.0741
0.918649
7.06218
0.991924
1.76498
1.22953
1.72646
1.6986
2.70961
1.52671
2.7474
3.30716
3.04029
0.298307
4.59798
2.12696
2.30343
5.09058
8.05258
1.68565
0.601373
1.71305
3.93748
1.02473
4.86618
1.53016
2.45973
1.91603
6.35671
2.0959
0.84974
3.10191
2.12316
0.954983
1.92804
3.44808
0.300566
1.84035
1.27668
6.0883
0.123346
11.4545
3.27091
0.209212
1.68437
1.21758
2.01564
1.65797
5.19906
2.24545
2.74851
1.78745
6.73376
8.14333
0.398331
0.540819
3.17434
2.10889
1.13477
0.60445
9.03119
2.3197
0.848294
3.07641
4.90875
1.61954
5.49658
1.71231
2.65876
5.65648
1.53973
5.80602
4.7764
1.39204
0.934234
4.59706
1.72757
5.88644
2.93143
0.433455
0.0623928
0.522869
0.270607
7.59731
6.71291
0.582185
1.68683
0.274727
1.19783
0.377697
2.70678
9.75086
0.243831
6.91831
4.02338
2.63509
6.53473
1.32339
1.8052
